O0 0 0 0 0 0 1
O1 0 0 0 0 0 1
O2 0 0 0 0 0 1
O3 0 0 0 0 0 1
O4 0 0 0 0 0 1
O5 0 0 0 0 0 1
O6 0 0 0 0 0 1
O7 0 0 0 0 0 1
O8 0 0 0 0 0 1
O9 0 0 0 0 0 1
O10 0 0 0 0 0 1
O11 0 0 0 0 0 1
O12 0 0 0 0 0 1
O13 0 0 0 0 0 1
O14 0 0 0 0 0 1
O15 0 0 0 0 0 1
O16 0 0 0 0 0 1
O17 0 0 0 0 0 1
O18 0 0 0 0 0 1
O19 0 0 0 0 0 1
O20 0 0 0 0 0 1
O21 0 0 0 0 0 1
O22 0 0 0 0 0 1
O23 0 0 0 0 0 1
O24 0 0 0 0 0 1
O25 0 0 0 0 0 1
O26 0 0 0 0 0 1
O27 0 0 0 0 0 1
O28 0 0 0 0 0 1
O29 0 0 0 0 0 1
O30 0 0 0 0 0 1
O31 0 0 0 0 0 1
O32 0 0 0 0 0 1
O33 0 0 0 0 0 1
O34 0 0 0 0 0 1
O35 0 0 0 0 0 1
O36 0 0 0 0 0 1
O37 0 0 0 0 0 1
O38 0 0 0 0 0 1
O39 0 0 0 0 0 1
O40 0 0 0 0 0 1
O41 0 0 0 0 0 1
O42 0 0 0 0 0 1
O43 0 0 0 0 0 1
O44 0 0 0 0 0 1
O45 0 0 0 0 0 1
O46 0 0 0 0 0 1
O47 0 0 0 0 0 1
O48 0 0 0 0 0 1
O49 0 0 0 0 0 1
O50 0 0 0 0 0 1
O51 0 0 0 0 0 1
O52 0 0 0 0 0 1
O53 0 0 0 0 0 1
O54 0 0 0 0 0 1
O55 0 0 0 0 0 1
O56 0 0 0 0 0 1
O57 0 0 0 0 0 1
O58 0 0 0 0 0 1
O59 0 0 0 0 0 1
O60 0 0 0 0 0 1
O61 0 0 0 0 0 1
O62 0 0 0 0 0 1
O63 0 0 0 0 0 1
O64 0 0 0 0 0 1
O65 0 0 0 0 0 1
O66 0 0 0 0 0 1
O67 0 0 0 0 0 1
O68 0 0 0 0 0 1
O69 0 0 0 0 0 1
O70 0 0 0 0 0 1
O71 0 0 0 0 0 1
O72 0 0 0 0 0 1
O73 0 0 0 0 0 1
O74 0 0 0 0 0 1
O75 0 0 0 0 0 1
O76 0 0 0 0 0 1
O77 0 0 0 0 0 1
O78 0 0 0 0 0 1
O79 0 0 0 0 0 1
O80 0 0 0 0 0 1
O81 0 0 0 0 0 1
O82 0 0 0 0 0 1
O83 0 0 0 0 0 1
O84 0 0 0 0 0 1
O85 0 0 0 0 0 1
O86 0 0 0 0 0 1
O87 0 0 0 0 0 1
O88 0 0 0 0 0 1
O89 0 0 0 0 0 1